- !<Matter/c2a101f6-bef3-4428-98eb-8e5d77d6704e>
  PackagePath: ""
  Friction: 0.320000
  RollingFriction: 0.660000
  SpinningFriction: 0.720000
  DynamicBounciness: 0.210000
  StaticBounciness: 0.090000
